80 367
80 386
305 388
305 367

417 412
419 422
422 425
426 427
425 439
438 446
448 441
460 446
470 442
471 432
481 425
481 412
471 404
470 394
458 387
448 392
438 388
425 394
425 405

313 240
313 303
268 306
268 330
355 341
359 241

325 58
326 190
356 190
359 58

214 128
214 151
276 154
279 128

199 173
199 194
189 194
188 245
196 246
196 267
283 268
283 173

460 79
462 115
492 115
512 98
512 83

587 119
583 274
606 275
611 120

522 118
522 131
539 131
545 144
563 153
574 148
574 127
568 125
565 116

431 277
419 285
420 299
432 304
433 314
446 321
455 316
465 321
476 316
488 321
500 316
508 321
519 316
528 320
527 345
539 352
549 346
560 351
570 346
581 352
592 347
602 351
613 345
614 333
622 328
622 313
612 308
601 310
598 312
598 321
552 321
547 316
548 301
558 299
559 283
548 277
538 281
528 275
517 283
517 290
444 290
444 282

